8681467017
8681467017
8681467017
8681467017
8681467017
8681467017
8681655765
8681655765
8681655765
8681655765
8681655765
8681655765
8681655765
8681655765
8681655765
8681655765
8681655765
8681655765
8681467017
8681467017
8681467017
8681467017
8681467017
8681467017
8681467017
8681467017
8681467017
8681467017
8681467017
8694098350
8681467017
8681467017
8681467017
8681467017
8681467017
8681467017
8681467017
8681467017
8681467017
8681655765
8681655765
8681467017
8681655765
8695063945
8681655765
8681655765
8681655765
8681655765
8681655765
8681655765
8681655765
